1640954400 896.49
1640954401 894.48
1640954402 892.98
1640954403 893.53
1640954404 897.52
1640954405 904.36
1640954406 908.63
1640954407 912.06
1640954408 917.94
1640954409 920.26
1640954410 923.04
1640954411 923.04
1640954412 921.70
1640954413 923.29
1640954414 915.57
1640954415 914.65
1640954416 912.02
1640954417 910.26
1640954418 907.74
1640954419 906.08
1640954420 903.34
1640954421 899.13
1640954422 895.76
1640954423 893.16
1640954424 889.91
1640954425 889.33
1640954426 887.85
1640954427 917.73
1640954428 889.55
1640954429 890.94
1640954430 891.79
1640954431 895.70
1640954432 900.94
1640954433 904.51
1640954434 907.20
1640954435 911.68
1640954436 916.94
1640954437 920.52
1640954438 922.59
1640954439 922.56
1640954440 920.75
1640954441 918.79
1640954442 913.23
1640954443 908.58
1640954444 905.50
1640954445 900.76
1640954446 894.78
1640954447 892.84
1640954448 892.81
1640954449 894.35
1640954450 896.19
1640954451 897.11
1640954452 904.04
1640954453 909.24
1640954454 913.26
1640954455 917.11
1640954456 919.33
1640954457 923.10
1640954458 924.88
1640954459 926.05
1640954460 924.28
1640954461 920.40
1640954462 915.64
1640954463 910.60
1640954464 905.50
1640954465 899.11
1640954466 895.64
1640954467 893.13
1640954468 892.67
1640954469 891.09
1640954470 894.12
1640954471 893.98
1640954472 898.56
1640954473 901.76
1640954474 906.22
1640954475 908.47
1640954476 912.10
1640954477 914.53
1640954478 917.24
1640954479 920.78
1640954480 921.62
1640954481 923.53
1640954482 923.62
1640954483 923.37
1640954484 922.72
1640954485 919.96
1640954486 918.76
1640954487 907.51
1640954488 910.28
1640954489 903.75
1640954490 900.14
1640954491 894.48
1640954492 891.92
1640954493 891.77
1640954494 891.89
1640954495 891.76
1640954496 893.92
1640954497 898.42
1640954498 901.94
1640954499 905.19
1640954500 907.72
1640954501 911.25
1640954502 914.22
1640954503 917.25
1640954504 918.09
1640954505 921.14
1640954506 922.84
1640954507 922.97
1640954508 921.31
1640954509 923.25
1640954510 922.99
1640954511 920.94
1640954512 918.26
1640954513 914.14
1640954514 912.91
1640954515 909.87
1640954516 904.94
1640954517 904.13
1640954518 901.56
1640954519 898.70
1640954520 895.48
1640954521 893.11
1640954522 891.58
1640954523 890.92
1640954524 892.00
1640954525 895.12
1640954526 895.90
1640954527 899.08
1640954528 901.34
1640954529 905.89
1640954530 910.07
1640954531 913.88
1640954532 916.00
1640954533 917.92
1640954534 920.92
1640954535 922.16
1640954536 924.30
1640954537 925.20
1640954538 924.11
1640954539 920.51
1640954540 918.63
1640954541 917.76
1640954542 916.38
1640954543 913.38
1640954544 914.05
1640954545 912.72
1640954546 911.34
1640954547 906.28
1640954548 911.61
1640954549 912.88
1640954550 910.98
1640954551 908.90
1640954552 907.89
1640954553 908.47
1640954554 906.01
1640954555 904.49
1640954556 902.05
1640954557 901.72
1640954558 901.52
1640954559 900.15
1640954560 899.35
1640954561 898.18
1640954562 896.92
1640954563 894.01
1640954564 893.57
1640954565 892.53
1640954566 893.53
1640954567 892.22
1640954568 892.83
1640954569 890.81
1640954570 891.07
1640954571 891.44
1640954572 891.12
1640954573 890.57
1640954574 891.29
1640954575 893.02
1640954576 893.35
1640954577 893.42
1640954578 893.77
1640954579 895.44
1640954580 895.42
1640954581 896.91
1640954582 897.56
1640954583 900.26
1640954584 901.67
1640954585 905.29
1640954586 906.88
1640954587 912.01
1640954588 913.29
1640954589 916.53
1640954590 918.42
1640954591 920.72
1640954592 921.37
1640954593 922.46
1640954594 921.87
1640954595 921.94
1640954596 922.64
1640954597 922.78
1640954598 923.06
1640954599 924.07
1640954600 923.42
1640954601 922.25
1640954602 920.98
1640954603 921.58
1640954604 920.95
1640954605 920.83
1640954606 917.56
1640954607 901.89
1640954608 914.69
1640954609 912.59
1640954610 912.43
1640954611 909.66
1640954612 908.92
1640954613 907.80
1640954614 908.16
1640954615 908.30
1640954616 906.11
1640954617 904.72
1640954618 904.49
1640954619 904.58
1640954620 905.22
1640954621 904.30
1640954622 905.65
1640954623 906.10
1640954624 906.53
1640954625 906.65
1640954626 909.85
1640954627 912.06
1640954628 911.67
1640954629 911.21
1640954630 912.45
1640954631 911.90
1640954632 911.45
1640954633 910.87
1640954634 911.10
1640954635 911.29
1640954636 911.83
1640954637 911.10
1640954638 910.50
1640954639 911.85
1640954640 910.77
1640954641 910.35
1640954642 909.48
1640954643 908.81
1640954644 909.54
1640954645 909.47
1640954646 910.14
1640954647 910.53
1640954648 909.43
1640954649 913.41
1640954650 914.84
1640954651 915.75
1640954652 917.98
1640954653 920.48
1640954654 922.05
1640954655 922.79
1640954656 923.76
1640954657 924.97
1640954658 923.41
1640954659 921.29
1640954660 918.60
1640954661 917.44
1640954662 913.43
1640954663 907.20
1640954664 904.28
1640954665 898.74
1640954666 895.00
1640954667 920.96
1640954668 891.57
1640954669 893.21
1640954670 897.81
1640954671 903.34
1640954672 908.53
1640954673 913.50
1640954674 917.65
1640954675 920.40
1640954676 921.49
1640954677 922.03
1640954678 922.81
1640954679 921.66
1640954680 919.41
1640954681 916.61
1640954682 913.57
1640954683 909.95
1640954684 906.59
1640954685 903.77
1640954686 901.35
1640954687 899.74
1640954688 896.39
1640954689 895.42
1640954690 894.12
1640954691 894.61
1640954692 893.78
1640954693 893.78
1640954694 893.69
1640954695 891.78
1640954696 892.42
1640954697 891.49
1640954698 890.87
1640954699 890.46
1640954700 892.03
1640954701 892.93
1640954702 892.68
1640954703 892.68
1640954704 895.22
1640954705 896.44
1640954706 897.39
1640954707 897.41
1640954708 898.36
1640954709 898.84
1640954710 898.18
1640954711 897.25
1640954712 897.44
1640954713 897.08
1640954714 896.74
1640954715 895.57
1640954716 896.28
1640954717 895.75
1640954718 895.46
1640954719 894.07
1640954720 894.57
1640954721 893.47
1640954722 892.33
1640954723 891.51
1640954724 890.63
1640954725 892.22
1640954726 890.54
1640954727 918.90
1640954728 893.70
1640954729 896.22
1640954730 899.61
1640954731 903.82
1640954732 908.41
1640954733 911.59
1640954734 914.09
1640954735 915.66
1640954736 915.58
1640954737 916.74
1640954738 917.49
1640954739 918.14
1640954740 919.28
1640954741 918.89
1640954742 919.55
1640954743 920.89
1640954744 920.14
1640954745 922.33
1640954746 922.90
1640954747 922.99
1640954748 921.73
1640954749 922.73
1640954750 922.31
1640954751 922.21
1640954752 920.97
1640954753 922.20
1640954754 921.94
1640954755 922.34
1640954756 923.25
1640954757 922.47
1640954758 921.71
1640954759 921.28
1640954760 918.42
1640954761 915.32
1640954762 912.92
1640954763 912.10
1640954764 910.12
1640954765 907.31
1640954766 906.34
1640954767 904.01
1640954768 901.20
1640954769 897.22
1640954770 896.90
1640954771 897.36
1640954772 894.75
1640954773 893.97
1640954774 893.16
1640954775 892.74
1640954776 892.62
1640954777 891.53
1640954778 892.81
1640954779 891.21
1640954780 892.29
1640954781 888.34
1640954782 891.48
1640954783 892.17
1640954784 892.48
1640954785 891.27
1640954786 891.86
1640954787 919.82
1640954788 889.91
1640954789 889.68
1640954790 889.25
1640954791 889.77
1640954792 888.96
1640954793 888.18
1640954794 891.51
1640954795 894.69
1640954796 897.02
1640954797 897.26
1640954798 898.72
1640954799 899.06
1640954800 899.63
1640954801 900.32
1640954802 901.32
1640954803 902.09
1640954804 904.44
1640954805 906.40
1640954806 906.45
1640954807 906.22
1640954808 907.08
1640954809 908.00
1640954810 908.20
1640954811 908.72
1640954812 906.68
1640954813 908.68
1640954814 908.51
1640954815 908.15
1640954816 908.06
1640954817 906.84
1640954818 907.68
1640954819 907.74
1640954820 907.88
1640954821 909.65
1640954822 912.05
1640954823 913.55
1640954824 914.26
1640954825 912.17
1640954826 910.65
1640954827 910.47
1640954828 913.11
1640954829 914.27
1640954830 914.54
1640954831 915.04
1640954832 914.31
1640954833 914.46
1640954834 914.95
1640954835 914.30
1640954836 914.42
1640954837 914.85
1640954838 916.25
1640954839 916.49
1640954840 915.86
1640954841 913.12
1640954842 911.97
1640954843 910.61
1640954844 911.19
1640954845 910.16
1640954846 908.61
1640954847 916.38
1640954848 906.42
1640954849 902.73
1640954850 899.30
1640954851 895.26
1640954852 894.39
1640954853 895.47
1640954854 893.96
1640954855 891.98
1640954856 893.07
1640954857 894.44
1640954858 896.08
1640954859 896.92
1640954860 901.27
1640954861 902.94
1640954862 906.01
1640954863 908.91
1640954864 912.47
1640954865 915.57
1640954866 918.27
1640954867 919.41
1640954868 922.94
1640954869 924.86
1640954870 925.79
1640954871 926.41
1640954872 925.86
1640954873 924.72
1640954874 922.24
1640954875 919.08
1640954876 914.11
1640954877 908.14
1640954878 902.62
1640954879 899.17
1640954880 895.65
1640954881 894.19
1640954882 893.88
1640954883 894.90
1640954884 897.92
1640954885 903.40
1640954886 907.68
1640954887 912.70
1640954888 917.43
1640954889 920.77
1640954890 924.45
1640954891 926.68
1640954892 927.98
1640954893 926.61
1640954894 923.63
1640954895 922.01
1640954896 920.18
1640954897 917.87
1640954898 913.91
1640954899 913.10
1640954900 911.59
1640954901 908.35
1640954902 906.94
1640954903 905.17
1640954904 905.01
1640954905 904.20
1640954906 901.82
1640954907 917.60
1640954908 901.09
1640954909 901.18
1640954910 902.16
1640954911 903.64
1640954912 903.61
1640954913 903.04
1640954914 902.93
1640954915 904.40
1640954916 905.75
1640954917 905.46
1640954918 904.03
1640954919 901.52
1640954920 901.15
1640954921 901.01
1640954922 900.74
1640954923 899.86
1640954924 898.32
1640954925 896.64
1640954926 897.64
1640954927 896.29
1640954928 895.30
1640954929 893.60
1640954930 893.23
1640954931 894.30
1640954932 894.48
1640954933 895.27
1640954934 899.04
1640954935 903.11
1640954936 906.59
1640954937 909.69
1640954938 915.45
1640954939 919.18
1640954940 922.41
1640954941 925.30
1640954942 925.96
1640954943 925.77
1640954944 922.15
1640954945 919.52
1640954946 913.59
1640954947 911.00
1640954948 904.35
1640954949 900.94
1640954950 897.06
1640954951 895.44
1640954952 893.50
1640954953 894.11
1640954954 895.12
1640954955 896.33
1640954956 897.44
1640954957 900.62
1640954958 904.72
1640954959 909.31
1640954960 912.44
1640954961 917.50
1640954962 919.78
1640954963 923.85
1640954964 926.07
1640954965 927.03
1640954966 925.08
1640954967 904.46
1640954968 918.53
1640954969 913.25
1640954970 907.12
1640954971 901.81
1640954972 897.78
1640954973 895.28
1640954974 892.81
1640954975 892.48
1640954976 893.40
1640954977 897.70
1640954978 901.14
1640954979 905.71
1640954980 908.95
1640954981 912.72
1640954982 916.47
1640954983 922.16
1640954984 924.68
1640954985 925.80
1640954986 926.86
1640954987 924.81
1640954988 923.59
1640954989 919.21
1640954990 918.09
1640954991 913.95
1640954992 908.73
1640954993 905.70
1640954994 902.83
1640954995 899.93
1640954996 897.30
1640954997 894.68
1640954998 894.18
1640954999 892.67
1640955000 895.29
